   -0.5000         0
   -0.4744         0
   -0.4487         0
   -0.4231         0
   -0.3974         0
   -0.3718         0
   -0.3462         0
   -0.3205         0
   -0.2949         0
   -0.2692         0
   -0.2436         0
   -0.2179         0
   -0.1923         0
   -0.1667         0
   -0.1410         0
   -0.1154         0
   -0.0897         0
   -0.0641         0
   -0.0385         0
   -0.0128         0
    0.0128         0
    0.0385         0
    0.0641         0
    0.0897         0
    0.1154         0
    0.1410         0
    0.1667         0
    0.1923         0
    0.2179         0
    0.2436         0
    0.2692         0
    0.2949         0
    0.3205         0
    0.3462         0
    0.3718         0
    0.3974         0
    0.4231         0
    0.4487         0
    0.4744         0
    0.5000         0