0         0         0
         0    0.1155         0
         0    0.2309         0
         0    0.3464         0
         0    0.4619         0
    0.1000    0.0577         0
    0.1000    0.1732         0
    0.1000    0.2887         0
    0.1000    0.4042         0
    0.2000         0         0
    0.2000    0.1155         0
    0.2000    0.2309         0
    0.2000    0.3464         0
    0.2000    0.4619         0
    0.3000    0.0577         0
    0.3000    0.1732         0
    0.3000    0.2887         0
    0.3000    0.4042         0
    0.4000         0         0
    0.4000    0.1155         0
    0.4000    0.2309         0
    0.4000    0.3464         0
    0.4000    0.4619         0
    0.5000    0.0577         0
    0.5000    0.1732         0
    0.5000    0.2887         0
    0.5000    0.4042         0
    0.6000         0         0
    0.6000    0.1155         0
    0.6000    0.2309         0
    0.6000    0.3464         0
    0.6000    0.4619         0
    0.7000    0.0577         0
    0.7000    0.1732         0
    0.7000    0.2887         0
    0.7000    0.4042         0
    0.8000         0         0
    0.8000    0.1155         0
    0.8000    0.2309         0
    0.8000    0.3464         0
    0.8000    0.4619         0
    0.9000    0.0577         0
    0.9000    0.1732         0
    0.9000    0.2887         0
    0.9000    0.4042         0
    1.0000         0         0
    1.0000    0.1155         0
    1.0000    0.2309         0
    1.0000    0.3464         0
    1.0000    0.4619         0