1     2
     2     3
     3     4
     3     5
     4     5
     4     6
     5    64
     6     7
     7     8
     7     9
     8     9
     8    10
     9    71
    10    11
    11    12
    11    13
    12    13
    12    14
    13    78
    14    15
    15    16
    15    17
    16    17
    16    18
    17    85
    18    19
    19    20
    19    21
    20    21
    20    22
    21    92
    22    23
    23    24
    23    25
    24    25
    24    26
    25    99
    26    27
    27    28
    27    29
    28    29
    28    30
    29   106
    30    31
    31    32
    31    33
    32    33
    32    34
    33   113
    34    35
    35    36
    35    37
    36    37
    36    38
    37   120
    38    39
    39    40
    39    41
    40    41
    40    42
    41   127
    42    43
    43    44
    43    45
    44    45
    44    46
    45   134
    46    47
    47    48
    47    49
    48    49
    48    50
    49   141
    50    51
    51    52
    51    53
    52    53
    52    54
    53   148
    54    55
    55    56
    55    57
    56    57
    56    58
    57   155
    58    59
    59    60
    59    61
    60    61
    60    62
    61   162
    62    63
    64    65
    65    66
    66    67
    67    68
    68    69
    69    70
    71    72
    72    73
    73    74
    74    75
    75    76
    76    77
    78    79
    79    80
    80    81
    81    82
    82    83
    83    84
    85    86
    86    87
    87    88
    88    89
    89    90
    90    91
    92    93
    93    94
    94    95
    95    96
    96    97
    97    98
    99   100
   100   101
   101   102
   102   103
   103   104
   104   105
   106   107
   107   108
   108   109
   109   110
   110   111
   111   112
   113   114
   114   115
   115   116
   116   117
   117   118
   118   119
   120   121
   121   122
   122   123
   123   124
   124   125
   125   126
   127   128
   128   129
   129   130
   130   131
   131   132
   132   133
   134   135
   135   136
   136   137
   137   138
   138   139
   139   140
   141   142
   142   143
   143   144
   144   145
   145   146
   146   147
   148   149
   149   150
   150   151
   151   152
   152   153
   153   154
   155   156
   156   157
   157   158
   158   159
   159   160
   160   161
   162   163
   163   164
   164   165
   165   166
   166   167
   167   168