1	2
2	3
3	4
4	5
5	6
6	7
7	8
8	9
9	10
10	11
11	12
12	13
13	14
14	15
15	16
16	17
18	19
19	20
20	21
21	22
22	23
23	24
24	25
25	26
26	27
27	28
28	29
29	30
30	31
31	32
32	33
34	35
35	36
36	37
37	38
38	39
39	40
40	41
41	42
42	43
43	44
44	45
45	46
46	47
47	48
48	49
49	50
51	52
52	53
53	54
54	55
55	56
56	57
57	58
58	59
59	60
60	61
61	62
62	63
63	64
64	65
65	66
67	68
68	69
69	70
70	71
71	72
72	73
73	74
74	75
75	76
76	77
77	78
78	79
79	80
80	81
81	82
82	83
84	85
85	86
86	87
87	88
88	89
89	90
90	91
91	92
92	93
93	94
94	95
95	96
96	97
97	98
98	99
100	101
101	102
102	103
103	104
104	105
105	106
106	107
107	108
108	109
109	110
110	111
111	112
112	113
113	114
114	115
115	116
117	118
118	119
119	120
120	121
121	122
122	123
123	124
124	125
125	126
126	127
127	128
128	129
129	130
130	131
131	132
133	134
134	135
135	136
136	137
137	138
138	139
139	140
140	141
141	142
142	143
143	144
144	145
145	146
146	147
147	148
148	149
150	151
151	152
152	153
153	154
154	155
155	156
156	157
157	158
158	159
159	160
160	161
161	162
162	163
163	164
164	165
166	167
167	168
168	169
169	170
170	171
171	172
172	173
173	174
174	175
175	176
176	177
177	178
178	179
179	180
180	181
181	182
183	184
184	185
185	186
186	187
187	188
188	189
189	190
190	191
191	192
192	193
193	194
194	195
195	196
196	197
197	198
199	200
200	201
201	202
202	203
203	204
204	205
205	206
206	207
207	208
208	209
209	210
210	211
211	212
212	213
213	214
214	215
216	217
217	218
218	219
219	220
220	221
221	222
222	223
223	224
224	225
225	226
226	227
227	228
228	229
229	230
230	231
232	233
233	234
234	235
235	236
236	237
237	238
238	239
239	240
240	241
241	242
242	243
243	244
244	245
245	246
246	247
247	248
249	250
250	251
251	252
252	253
253	254
254	255
255	256
256	257
257	258
258	259
259	260
260	261
261	262
262	263
263	264
265	266
266	267
267	268
268	269
269	270
270	271
271	272
272	273
273	274
274	275
275	276
276	277
277	278
278	279
279	280
280	281
282	283
283	284
284	285
285	286
286	287
287	288
288	289
289	290
290	291
291	292
292	293
293	294
294	295
295	296
296	297
298	299
299	300
300	301
301	302
302	303
303	304
304	305
305	306
306	307
307	308
308	309
309	310
310	311
311	312
312	313
313	314
315	316
316	317
317	318
318	319
319	320
320	321
321	322
322	323
323	324
324	325
325	326
326	327
327	328
328	329
329	330
331	332
332	333
333	334
334	335
335	336
336	337
337	338
338	339
339	340
340	341
341	342
342	343
343	344
344	345
345	346
346	347
348	349
349	350
350	351
351	352
352	353
353	354
354	355
355	356
356	357
357	358
358	359
359	360
360	361
361	362
362	363
364	365
365	366
366	367
367	368
368	369
369	370
370	371
371	372
372	373
373	374
374	375
375	376
376	377
377	378
378	379
379	380
381	382
382	383
383	384
384	385
385	386
386	387
387	388
388	389
389	390
390	391
391	392
392	393
393	394
394	395
395	396
397	398
398	399
399	400
400	401
401	402
402	403
403	404
404	405
405	406
406	407
407	408
408	409
409	410
410	411
411	412
412	413
414	415
415	416
416	417
417	418
418	419
419	420
420	421
421	422
422	423
423	424
424	425
425	426
426	427
427	428
428	429
430	431
431	432
432	433
433	434
434	435
435	436
436	437
437	438
438	439
439	440
440	441
441	442
442	443
443	444
444	445
445	446
447	448
448	449
449	450
450	451
451	452
452	453
453	454
454	455
455	456
456	457
457	458
458	459
459	460
460	461
461	462
463	464
464	465
465	466
466	467
467	468
468	469
469	470
470	471
471	472
472	473
473	474
474	475
475	476
476	477
477	478
478	479
480	481
481	482
482	483
483	484
484	485
485	486
486	487
487	488
488	489
489	490
490	491
491	492
492	493
493	494
494	495
496	497
497	498
498	499
499	500
500	501
501	502
502	503
503	504
504	505
505	506
506	507
507	508
508	509
509	510
510	511
511	512
513	514
514	515
515	516
516	517
517	518
518	519
519	520
520	521
521	522
522	523
523	524
524	525
525	526
526	527
527	528
529	530
530	531
531	532
532	533
533	534
534	535
535	536
536	537
537	538
538	539
539	540
540	541
541	542
542	543
543	544
544	545
546	547
547	548
548	549
549	550
550	551
551	552
552	553
553	554
554	555
555	556
556	557
557	558
558	559
559	560
560	561
562	563
563	564
564	565
565	566
566	567
567	568
568	569
569	570
570	571
571	572
572	573
573	574
574	575
575	576
576	577
577	578
579	580
580	581
581	582
582	583
583	584
584	585
585	586
586	587
587	588
588	589
589	590
590	591
591	592
592	593
593	594
595	596
596	597
597	598
598	599
599	600
600	601
601	602
602	603
603	604
604	605
605	606
606	607
607	608
608	609
609	610
610	611
612	613
613	614
614	615
615	616
616	617
617	618
618	619
619	620
620	621
621	622
622	623
623	624
624	625
625	626
626	627
628	629
629	630
630	631
631	632
632	633
633	634
634	635
635	636
636	637
637	638
638	639
639	640
640	641
641	642
642	643
643	644
1	18
2	18
2	19
3	19
3	20
4	20
4	21
5	21
5	22
6	22
6	23
7	23
7	24
8	24
8	25
9	25
9	26
10	26
10	27
11	27
11	28
12	28
12	29
13	29
13	30
14	30
14	31
15	31
15	32
16	32
16	33
17	33
18	34
18	35
19	35
19	36
20	36
20	37
21	37
21	38
22	38
22	39
23	39
23	40
24	40
24	41
25	41
25	42
26	42
26	43
27	43
27	44
28	44
28	45
29	45
29	46
30	46
30	47
31	47
31	48
32	48
32	49
33	49
33	50
34	51
35	51
35	52
36	52
36	53
37	53
37	54
38	54
38	55
39	55
39	56
40	56
40	57
41	57
41	58
42	58
42	59
43	59
43	60
44	60
44	61
45	61
45	62
46	62
46	63
47	63
47	64
48	64
48	65
49	65
49	66
50	66
51	67
51	68
52	68
52	69
53	69
53	70
54	70
54	71
55	71
55	72
56	72
56	73
57	73
57	74
58	74
58	75
59	75
59	76
60	76
60	77
61	77
61	78
62	78
62	79
63	79
63	80
64	80
64	81
65	81
65	82
66	82
66	83
67	84
68	84
68	85
69	85
69	86
70	86
70	87
71	87
71	88
72	88
72	89
73	89
73	90
74	90
74	91
75	91
75	92
76	92
76	93
77	93
77	94
78	94
78	95
79	95
79	96
80	96
80	97
81	97
81	98
82	98
82	99
83	99
84	100
84	101
85	101
85	102
86	102
86	103
87	103
87	104
88	104
88	105
89	105
89	106
90	106
90	107
91	107
91	108
92	108
92	109
93	109
93	110
94	110
94	111
95	111
95	112
96	112
96	113
97	113
97	114
98	114
98	115
99	115
99	116
100	117
101	117
101	118
102	118
102	119
103	119
103	120
104	120
104	121
105	121
105	122
106	122
106	123
107	123
107	124
108	124
108	125
109	125
109	126
110	126
110	127
111	127
111	128
112	128
112	129
113	129
113	130
114	130
114	131
115	131
115	132
116	132
117	133
117	134
118	134
118	135
119	135
119	136
120	136
120	137
121	137
121	138
122	138
122	139
123	139
123	140
124	140
124	141
125	141
125	142
126	142
126	143
127	143
127	144
128	144
128	145
129	145
129	146
130	146
130	147
131	147
131	148
132	148
132	149
133	150
134	150
134	151
135	151
135	152
136	152
136	153
137	153
137	154
138	154
138	155
139	155
139	156
140	156
140	157
141	157
141	158
142	158
142	159
143	159
143	160
144	160
144	161
145	161
145	162
146	162
146	163
147	163
147	164
148	164
148	165
149	165
150	166
150	167
151	167
151	168
152	168
152	169
153	169
153	170
154	170
154	171
155	171
155	172
156	172
156	173
157	173
157	174
158	174
158	175
159	175
159	176
160	176
160	177
161	177
161	178
162	178
162	179
163	179
163	180
164	180
164	181
165	181
165	182
166	183
167	183
167	184
168	184
168	185
169	185
169	186
170	186
170	187
171	187
171	188
172	188
172	189
173	189
173	190
174	190
174	191
175	191
175	192
176	192
176	193
177	193
177	194
178	194
178	195
179	195
179	196
180	196
180	197
181	197
181	198
182	198
183	199
183	200
184	200
184	201
185	201
185	202
186	202
186	203
187	203
187	204
188	204
188	205
189	205
189	206
190	206
190	207
191	207
191	208
192	208
192	209
193	209
193	210
194	210
194	211
195	211
195	212
196	212
196	213
197	213
197	214
198	214
198	215
199	216
200	216
200	217
201	217
201	218
202	218
202	219
203	219
203	220
204	220
204	221
205	221
205	222
206	222
206	223
207	223
207	224
208	224
208	225
209	225
209	226
210	226
210	227
211	227
211	228
212	228
212	229
213	229
213	230
214	230
214	231
215	231
216	232
216	233
217	233
217	234
218	234
218	235
219	235
219	236
220	236
220	237
221	237
221	238
222	238
222	239
223	239
223	240
224	240
224	241
225	241
225	242
226	242
226	243
227	243
227	244
228	244
228	245
229	245
229	246
230	246
230	247
231	247
231	248
232	249
233	249
233	250
234	250
234	251
235	251
235	252
236	252
236	253
237	253
237	254
238	254
238	255
239	255
239	256
240	256
240	257
241	257
241	258
242	258
242	259
243	259
243	260
244	260
244	261
245	261
245	262
246	262
246	263
247	263
247	264
248	264
249	265
249	266
250	266
250	267
251	267
251	268
252	268
252	269
253	269
253	270
254	270
254	271
255	271
255	272
256	272
256	273
257	273
257	274
258	274
258	275
259	275
259	276
260	276
260	277
261	277
261	278
262	278
262	279
263	279
263	280
264	280
264	281
265	282
266	282
266	283
267	283
267	284
268	284
268	285
269	285
269	286
270	286
270	287
271	287
271	288
272	288
272	289
273	289
273	290
274	290
274	291
275	291
275	292
276	292
276	293
277	293
277	294
278	294
278	295
279	295
279	296
280	296
280	297
281	297
282	298
282	299
283	299
283	300
284	300
284	301
285	301
285	302
286	302
286	303
287	303
287	304
288	304
288	305
289	305
289	306
290	306
290	307
291	307
291	308
292	308
292	309
293	309
293	310
294	310
294	311
295	311
295	312
296	312
296	313
297	313
297	314
298	315
299	315
299	316
300	316
300	317
301	317
301	318
302	318
302	319
303	319
303	320
304	320
304	321
305	321
305	322
306	322
306	323
307	323
307	324
308	324
308	325
309	325
309	326
310	326
310	327
311	327
311	328
312	328
312	329
313	329
313	330
314	330
315	331
315	332
316	332
316	333
317	333
317	334
318	334
318	335
319	335
319	336
320	336
320	337
321	337
321	338
322	338
322	339
323	339
323	340
324	340
324	341
325	341
325	342
326	342
326	343
327	343
327	344
328	344
328	345
329	345
329	346
330	346
330	347
331	348
332	348
332	349
333	349
333	350
334	350
334	351
335	351
335	352
336	352
336	353
337	353
337	354
338	354
338	355
339	355
339	356
340	356
340	357
341	357
341	358
342	358
342	359
343	359
343	360
344	360
344	361
345	361
345	362
346	362
346	363
347	363
348	364
348	365
349	365
349	366
350	366
350	367
351	367
351	368
352	368
352	369
353	369
353	370
354	370
354	371
355	371
355	372
356	372
356	373
357	373
357	374
358	374
358	375
359	375
359	376
360	376
360	377
361	377
361	378
362	378
362	379
363	379
363	380
364	381
365	381
365	382
366	382
366	383
367	383
367	384
368	384
368	385
369	385
369	386
370	386
370	387
371	387
371	388
372	388
372	389
373	389
373	390
374	390
374	391
375	391
375	392
376	392
376	393
377	393
377	394
378	394
378	395
379	395
379	396
380	396
381	397
381	398
382	398
382	399
383	399
383	400
384	400
384	401
385	401
385	402
386	402
386	403
387	403
387	404
388	404
388	405
389	405
389	406
390	406
390	407
391	407
391	408
392	408
392	409
393	409
393	410
394	410
394	411
395	411
395	412
396	412
396	413
397	414
398	414
398	415
399	415
399	416
400	416
400	417
401	417
401	418
402	418
402	419
403	419
403	420
404	420
404	421
405	421
405	422
406	422
406	423
407	423
407	424
408	424
408	425
409	425
409	426
410	426
410	427
411	427
411	428
412	428
412	429
413	429
414	430
414	431
415	431
415	432
416	432
416	433
417	433
417	434
418	434
418	435
419	435
419	436
420	436
420	437
421	437
421	438
422	438
422	439
423	439
423	440
424	440
424	441
425	441
425	442
426	442
426	443
427	443
427	444
428	444
428	445
429	445
429	446
430	447
431	447
431	448
432	448
432	449
433	449
433	450
434	450
434	451
435	451
435	452
436	452
436	453
437	453
437	454
438	454
438	455
439	455
439	456
440	456
440	457
441	457
441	458
442	458
442	459
443	459
443	460
444	460
444	461
445	461
445	462
446	462
447	463
447	464
448	464
448	465
449	465
449	466
450	466
450	467
451	467
451	468
452	468
452	469
453	469
453	470
454	470
454	471
455	471
455	472
456	472
456	473
457	473
457	474
458	474
458	475
459	475
459	476
460	476
460	477
461	477
461	478
462	478
462	479
463	480
464	480
464	481
465	481
465	482
466	482
466	483
467	483
467	484
468	484
468	485
469	485
469	486
470	486
470	487
471	487
471	488
472	488
472	489
473	489
473	490
474	490
474	491
475	491
475	492
476	492
476	493
477	493
477	494
478	494
478	495
479	495
480	496
480	497
481	497
481	498
482	498
482	499
483	499
483	500
484	500
484	501
485	501
485	502
486	502
486	503
487	503
487	504
488	504
488	505
489	505
489	506
490	506
490	507
491	507
491	508
492	508
492	509
493	509
493	510
494	510
494	511
495	511
495	512
496	513
497	513
497	514
498	514
498	515
499	515
499	516
500	516
500	517
501	517
501	518
502	518
502	519
503	519
503	520
504	520
504	521
505	521
505	522
506	522
506	523
507	523
507	524
508	524
508	525
509	525
509	526
510	526
510	527
511	527
511	528
512	528
513	529
513	530
514	530
514	531
515	531
515	532
516	532
516	533
517	533
517	534
518	534
518	535
519	535
519	536
520	536
520	537
521	537
521	538
522	538
522	539
523	539
523	540
524	540
524	541
525	541
525	542
526	542
526	543
527	543
527	544
528	544
528	545
529	546
530	546
530	547
531	547
531	548
532	548
532	549
533	549
533	550
534	550
534	551
535	551
535	552
536	552
536	553
537	553
537	554
538	554
538	555
539	555
539	556
540	556
540	557
541	557
541	558
542	558
542	559
543	559
543	560
544	560
544	561
545	561
546	562
546	563
547	563
547	564
548	564
548	565
549	565
549	566
550	566
550	567
551	567
551	568
552	568
552	569
553	569
553	570
554	570
554	571
555	571
555	572
556	572
556	573
557	573
557	574
558	574
558	575
559	575
559	576
560	576
560	577
561	577
561	578
562	579
563	579
563	580
564	580
564	581
565	581
565	582
566	582
566	583
567	583
567	584
568	584
568	585
569	585
569	586
570	586
570	587
571	587
571	588
572	588
572	589
573	589
573	590
574	590
574	591
575	591
575	592
576	592
576	593
577	593
577	594
578	594
579	595
579	596
580	596
580	597
581	597
581	598
582	598
582	599
583	599
583	600
584	600
584	601
585	601
585	602
586	602
586	603
587	603
587	604
588	604
588	605
589	605
589	606
590	606
590	607
591	607
591	608
592	608
592	609
593	609
593	610
594	610
594	611
595	612
596	612
596	613
597	613
597	614
598	614
598	615
599	615
599	616
600	616
600	617
601	617
601	618
602	618
602	619
603	619
603	620
604	620
604	621
605	621
605	622
606	622
606	623
607	623
607	624
608	624
608	625
609	625
609	626
610	626
610	627
611	627
612	628
612	629
613	629
613	630
614	630
614	631
615	631
615	632
616	632
616	633
617	633
617	634
618	634
618	635
619	635
619	636
620	636
620	637
621	637
621	638
622	638
622	639
623	639
623	640
624	640
624	641
625	641
625	642
626	642
626	643
627	643
627	644
