1	2	18
2	3	19
3	4	20
4	5	21
5	6	22
6	7	23
7	8	24
8	9	25
9	10	26
10	11	27
11	12	28
12	13	29
13	14	30
14	15	31
15	16	32
16	17	33
18	19	2
18	19	35
19	20	3
19	20	36
20	21	4
20	21	37
21	22	5
21	22	38
22	23	6
22	23	39
23	24	7
23	24	40
24	25	8
24	25	41
25	26	9
25	26	42
26	27	10
26	27	43
27	28	11
27	28	44
28	29	12
28	29	45
29	30	13
29	30	46
30	31	14
30	31	47
31	32	15
31	32	48
32	33	16
32	33	49
34	35	18
34	35	51
35	36	19
35	36	52
36	37	20
36	37	53
37	38	21
37	38	54
38	39	22
38	39	55
39	40	23
39	40	56
40	41	24
40	41	57
41	42	25
41	42	58
42	43	26
42	43	59
43	44	27
43	44	60
44	45	28
44	45	61
45	46	29
45	46	62
46	47	30
46	47	63
47	48	31
47	48	64
48	49	32
48	49	65
49	50	33
49	50	66
51	52	35
51	52	68
52	53	36
52	53	69
53	54	37
53	54	70
54	55	38
54	55	71
55	56	39
55	56	72
56	57	40
56	57	73
57	58	41
57	58	74
58	59	42
58	59	75
59	60	43
59	60	76
60	61	44
60	61	77
61	62	45
61	62	78
62	63	46
62	63	79
63	64	47
63	64	80
64	65	48
64	65	81
65	66	49
65	66	82
67	68	51
67	68	84
68	69	52
68	69	85
69	70	53
69	70	86
70	71	54
70	71	87
71	72	55
71	72	88
72	73	56
72	73	89
73	74	57
73	74	90
74	75	58
74	75	91
75	76	59
75	76	92
76	77	60
76	77	93
77	78	61
77	78	94
78	79	62
78	79	95
79	80	63
79	80	96
80	81	64
80	81	97
81	82	65
81	82	98
82	83	66
82	83	99
84	85	68
84	85	101
85	86	69
85	86	102
86	87	70
86	87	103
87	88	71
87	88	104
88	89	72
88	89	105
89	90	73
89	90	106
90	91	74
90	91	107
91	92	75
91	92	108
92	93	76
92	93	109
93	94	77
93	94	110
94	95	78
94	95	111
95	96	79
95	96	112
96	97	80
96	97	113
97	98	81
97	98	114
98	99	82
98	99	115
100	101	84
100	101	117
101	102	85
101	102	118
102	103	86
102	103	119
103	104	87
103	104	120
104	105	88
104	105	121
105	106	89
105	106	122
106	107	90
106	107	123
107	108	91
107	108	124
108	109	92
108	109	125
109	110	93
109	110	126
110	111	94
110	111	127
111	112	95
111	112	128
112	113	96
112	113	129
113	114	97
113	114	130
114	115	98
114	115	131
115	116	99
115	116	132
117	118	101
117	118	134
118	119	102
118	119	135
119	120	103
119	120	136
120	121	104
120	121	137
121	122	105
121	122	138
122	123	106
122	123	139
123	124	107
123	124	140
124	125	108
124	125	141
125	126	109
125	126	142
126	127	110
126	127	143
127	128	111
127	128	144
128	129	112
128	129	145
129	130	113
129	130	146
130	131	114
130	131	147
131	132	115
131	132	148
133	134	117
133	134	150
134	135	118
134	135	151
135	136	119
135	136	152
136	137	120
136	137	153
137	138	121
137	138	154
138	139	122
138	139	155
139	140	123
139	140	156
140	141	124
140	141	157
141	142	125
141	142	158
142	143	126
142	143	159
143	144	127
143	144	160
144	145	128
144	145	161
145	146	129
145	146	162
146	147	130
146	147	163
147	148	131
147	148	164
148	149	132
148	149	165
150	151	134
150	151	167
151	152	135
151	152	168
152	153	136
152	153	169
153	154	137
153	154	170
154	155	138
154	155	171
155	156	139
155	156	172
156	157	140
156	157	173
157	158	141
157	158	174
158	159	142
158	159	175
159	160	143
159	160	176
160	161	144
160	161	177
161	162	145
161	162	178
162	163	146
162	163	179
163	164	147
163	164	180
164	165	148
164	165	181
166	167	150
166	167	183
167	168	151
167	168	184
168	169	152
168	169	185
169	170	153
169	170	186
170	171	154
170	171	187
171	172	155
171	172	188
172	173	156
172	173	189
173	174	157
173	174	190
174	175	158
174	175	191
175	176	159
175	176	192
176	177	160
176	177	193
177	178	161
177	178	194
178	179	162
178	179	195
179	180	163
179	180	196
180	181	164
180	181	197
181	182	165
181	182	198
183	184	167
183	184	200
184	185	168
184	185	201
185	186	169
185	186	202
186	187	170
186	187	203
187	188	171
187	188	204
188	189	172
188	189	205
189	190	173
189	190	206
190	191	174
190	191	207
191	192	175
191	192	208
192	193	176
192	193	209
193	194	177
193	194	210
194	195	178
194	195	211
195	196	179
195	196	212
196	197	180
196	197	213
197	198	181
197	198	214
199	200	183
199	200	216
200	201	184
200	201	217
201	202	185
201	202	218
202	203	186
202	203	219
203	204	187
203	204	220
204	205	188
204	205	221
205	206	189
205	206	222
206	207	190
206	207	223
207	208	191
207	208	224
208	209	192
208	209	225
209	210	193
209	210	226
210	211	194
210	211	227
211	212	195
211	212	228
212	213	196
212	213	229
213	214	197
213	214	230
214	215	198
214	215	231
216	217	200
216	217	233
217	218	201
217	218	234
218	219	202
218	219	235
219	220	203
219	220	236
220	221	204
220	221	237
221	222	205
221	222	238
222	223	206
222	223	239
223	224	207
223	224	240
224	225	208
224	225	241
225	226	209
225	226	242
226	227	210
226	227	243
227	228	211
227	228	244
228	229	212
228	229	245
229	230	213
229	230	246
230	231	214
230	231	247
232	233	216
232	233	249
233	234	217
233	234	250
234	235	218
234	235	251
235	236	219
235	236	252
236	237	220
236	237	253
237	238	221
237	238	254
238	239	222
238	239	255
239	240	223
239	240	256
240	241	224
240	241	257
241	242	225
241	242	258
242	243	226
242	243	259
243	244	227
243	244	260
244	245	228
244	245	261
245	246	229
245	246	262
246	247	230
246	247	263
247	248	231
247	248	264
249	250	233
249	250	266
250	251	234
250	251	267
251	252	235
251	252	268
252	253	236
252	253	269
253	254	237
253	254	270
254	255	238
254	255	271
255	256	239
255	256	272
256	257	240
256	257	273
257	258	241
257	258	274
258	259	242
258	259	275
259	260	243
259	260	276
260	261	244
260	261	277
261	262	245
261	262	278
262	263	246
262	263	279
263	264	247
263	264	280
265	266	249
265	266	282
266	267	250
266	267	283
267	268	251
267	268	284
268	269	252
268	269	285
269	270	253
269	270	286
270	271	254
270	271	287
271	272	255
271	272	288
272	273	256
272	273	289
273	274	257
273	274	290
274	275	258
274	275	291
275	276	259
275	276	292
276	277	260
276	277	293
277	278	261
277	278	294
278	279	262
278	279	295
279	280	263
279	280	296
280	281	264
280	281	297
282	283	266
282	283	299
283	284	267
283	284	300
284	285	268
284	285	301
285	286	269
285	286	302
286	287	270
286	287	303
287	288	271
287	288	304
288	289	272
288	289	305
289	290	273
289	290	306
290	291	274
290	291	307
291	292	275
291	292	308
292	293	276
292	293	309
293	294	277
293	294	310
294	295	278
294	295	311
295	296	279
295	296	312
296	297	280
296	297	313
298	299	282
298	299	315
299	300	283
299	300	316
300	301	284
300	301	317
301	302	285
301	302	318
302	303	286
302	303	319
303	304	287
303	304	320
304	305	288
304	305	321
305	306	289
305	306	322
306	307	290
306	307	323
307	308	291
307	308	324
308	309	292
308	309	325
309	310	293
309	310	326
310	311	294
310	311	327
311	312	295
311	312	328
312	313	296
312	313	329
313	314	297
313	314	330
315	316	299
315	316	332
316	317	300
316	317	333
317	318	301
317	318	334
318	319	302
318	319	335
319	320	303
319	320	336
320	321	304
320	321	337
321	322	305
321	322	338
322	323	306
322	323	339
323	324	307
323	324	340
324	325	308
324	325	341
325	326	309
325	326	342
326	327	310
326	327	343
327	328	311
327	328	344
328	329	312
328	329	345
329	330	313
329	330	346
331	332	315
331	332	348
332	333	316
332	333	349
333	334	317
333	334	350
334	335	318
334	335	351
335	336	319
335	336	352
336	337	320
336	337	353
337	338	321
337	338	354
338	339	322
338	339	355
339	340	323
339	340	356
340	341	324
340	341	357
341	342	325
341	342	358
342	343	326
342	343	359
343	344	327
343	344	360
344	345	328
344	345	361
345	346	329
345	346	362
346	347	330
346	347	363
348	349	332
348	349	365
349	350	333
349	350	366
350	351	334
350	351	367
351	352	335
351	352	368
352	353	336
352	353	369
353	354	337
353	354	370
354	355	338
354	355	371
355	356	339
355	356	372
356	357	340
356	357	373
357	358	341
357	358	374
358	359	342
358	359	375
359	360	343
359	360	376
360	361	344
360	361	377
361	362	345
361	362	378
362	363	346
362	363	379
364	365	348
364	365	381
365	366	349
365	366	382
366	367	350
366	367	383
367	368	351
367	368	384
368	369	352
368	369	385
369	370	353
369	370	386
370	371	354
370	371	387
371	372	355
371	372	388
372	373	356
372	373	389
373	374	357
373	374	390
374	375	358
374	375	391
375	376	359
375	376	392
376	377	360
376	377	393
377	378	361
377	378	394
378	379	362
378	379	395
379	380	363
379	380	396
381	382	365
381	382	398
382	383	366
382	383	399
383	384	367
383	384	400
384	385	368
384	385	401
385	386	369
385	386	402
386	387	370
386	387	403
387	388	371
387	388	404
388	389	372
388	389	405
389	390	373
389	390	406
390	391	374
390	391	407
391	392	375
391	392	408
392	393	376
392	393	409
393	394	377
393	394	410
394	395	378
394	395	411
395	396	379
395	396	412
397	398	381
397	398	414
398	399	382
398	399	415
399	400	383
399	400	416
400	401	384
400	401	417
401	402	385
401	402	418
402	403	386
402	403	419
403	404	387
403	404	420
404	405	388
404	405	421
405	406	389
405	406	422
406	407	390
406	407	423
407	408	391
407	408	424
408	409	392
408	409	425
409	410	393
409	410	426
410	411	394
410	411	427
411	412	395
411	412	428
412	413	396
412	413	429
414	415	398
414	415	431
415	416	399
415	416	432
416	417	400
416	417	433
417	418	401
417	418	434
418	419	402
418	419	435
419	420	403
419	420	436
420	421	404
420	421	437
421	422	405
421	422	438
422	423	406
422	423	439
423	424	407
423	424	440
424	425	408
424	425	441
425	426	409
425	426	442
426	427	410
426	427	443
427	428	411
427	428	444
428	429	412
428	429	445
430	431	414
430	431	447
431	432	415
431	432	448
432	433	416
432	433	449
433	434	417
433	434	450
434	435	418
434	435	451
435	436	419
435	436	452
436	437	420
436	437	453
437	438	421
437	438	454
438	439	422
438	439	455
439	440	423
439	440	456
440	441	424
440	441	457
441	442	425
441	442	458
442	443	426
442	443	459
443	444	427
443	444	460
444	445	428
444	445	461
445	446	429
445	446	462
447	448	431
447	448	464
448	449	432
448	449	465
449	450	433
449	450	466
450	451	434
450	451	467
451	452	435
451	452	468
452	453	436
452	453	469
453	454	437
453	454	470
454	455	438
454	455	471
455	456	439
455	456	472
456	457	440
456	457	473
457	458	441
457	458	474
458	459	442
458	459	475
459	460	443
459	460	476
460	461	444
460	461	477
461	462	445
461	462	478
463	464	447
463	464	480
464	465	448
464	465	481
465	466	449
465	466	482
466	467	450
466	467	483
467	468	451
467	468	484
468	469	452
468	469	485
469	470	453
469	470	486
470	471	454
470	471	487
471	472	455
471	472	488
472	473	456
472	473	489
473	474	457
473	474	490
474	475	458
474	475	491
475	476	459
475	476	492
476	477	460
476	477	493
477	478	461
477	478	494
478	479	462
478	479	495
480	481	464
480	481	497
481	482	465
481	482	498
482	483	466
482	483	499
483	484	467
483	484	500
484	485	468
484	485	501
485	486	469
485	486	502
486	487	470
486	487	503
487	488	471
487	488	504
488	489	472
488	489	505
489	490	473
489	490	506
490	491	474
490	491	507
491	492	475
491	492	508
492	493	476
492	493	509
493	494	477
493	494	510
494	495	478
494	495	511
496	497	480
496	497	513
497	498	481
497	498	514
498	499	482
498	499	515
499	500	483
499	500	516
500	501	484
500	501	517
501	502	485
501	502	518
502	503	486
502	503	519
503	504	487
503	504	520
504	505	488
504	505	521
505	506	489
505	506	522
506	507	490
506	507	523
507	508	491
507	508	524
508	509	492
508	509	525
509	510	493
509	510	526
510	511	494
510	511	527
511	512	495
511	512	528
513	514	497
513	514	530
514	515	498
514	515	531
515	516	499
515	516	532
516	517	500
516	517	533
517	518	501
517	518	534
518	519	502
518	519	535
519	520	503
519	520	536
520	521	504
520	521	537
521	522	505
521	522	538
522	523	506
522	523	539
523	524	507
523	524	540
524	525	508
524	525	541
525	526	509
525	526	542
526	527	510
526	527	543
527	528	511
527	528	544
529	530	513
529	530	546
530	531	514
530	531	547
531	532	515
531	532	548
532	533	516
532	533	549
533	534	517
533	534	550
534	535	518
534	535	551
535	536	519
535	536	552
536	537	520
536	537	553
537	538	521
537	538	554
538	539	522
538	539	555
539	540	523
539	540	556
540	541	524
540	541	557
541	542	525
541	542	558
542	543	526
542	543	559
543	544	527
543	544	560
544	545	528
544	545	561
546	547	530
546	547	563
547	548	531
547	548	564
548	549	532
548	549	565
549	550	533
549	550	566
550	551	534
550	551	567
551	552	535
551	552	568
552	553	536
552	553	569
553	554	537
553	554	570
554	555	538
554	555	571
555	556	539
555	556	572
556	557	540
556	557	573
557	558	541
557	558	574
558	559	542
558	559	575
559	560	543
559	560	576
560	561	544
560	561	577
562	563	546
562	563	579
563	564	547
563	564	580
564	565	548
564	565	581
565	566	549
565	566	582
566	567	550
566	567	583
567	568	551
567	568	584
568	569	552
568	569	585
569	570	553
569	570	586
570	571	554
570	571	587
571	572	555
571	572	588
572	573	556
572	573	589
573	574	557
573	574	590
574	575	558
574	575	591
575	576	559
575	576	592
576	577	560
576	577	593
577	578	561
577	578	594
579	580	563
579	580	596
580	581	564
580	581	597
581	582	565
581	582	598
582	583	566
582	583	599
583	584	567
583	584	600
584	585	568
584	585	601
585	586	569
585	586	602
586	587	570
586	587	603
587	588	571
587	588	604
588	589	572
588	589	605
589	590	573
589	590	606
590	591	574
590	591	607
591	592	575
591	592	608
592	593	576
592	593	609
593	594	577
593	594	610
595	596	579
595	596	612
596	597	580
596	597	613
597	598	581
597	598	614
598	599	582
598	599	615
599	600	583
599	600	616
600	601	584
600	601	617
601	602	585
601	602	618
602	603	586
602	603	619
603	604	587
603	604	620
604	605	588
604	605	621
605	606	589
605	606	622
606	607	590
606	607	623
607	608	591
607	608	624
608	609	592
608	609	625
609	610	593
609	610	626
610	611	594
610	611	627
612	613	596
612	613	629
613	614	597
613	614	630
614	615	598
614	615	631
615	616	599
615	616	632
616	617	600
616	617	633
617	618	601
617	618	634
618	619	602
618	619	635
619	620	603
619	620	636
620	621	604
620	621	637
621	622	605
621	622	638
622	623	606
622	623	639
623	624	607
623	624	640
624	625	608
624	625	641
625	626	609
625	626	642
626	627	610
626	627	643
628	629	612
629	630	613
630	631	614
631	632	615
632	633	616
633	634	617
634	635	618
635	636	619
636	637	620
637	638	621
638	639	622
639	640	623
640	641	624
641	642	625
642	643	626
643	644	627
