1	2
2	3
3	4
4	5
5	6
6	7
7	10
8	9
8	350
9	351
10	11
11	12
12	13
13	14
14	15
15	16
16	17
17	20
18	19
18	315
19	316
20	21
21	22
22	23
23	24
24	25
25	26
26	27
27	30
28	29
28	280
29	281
30	31
31	32
32	33
33	34
35	36
36	37
37	38
38	39
39	40
40	43
41	42
41	371
42	372
43	44
44	45
45	46
46	47
47	48
48	49
49	50
50	53
51	52
51	344
52	345
53	54
54	55
55	56
56	57
57	58
58	59
59	60
60	63
61	62
61	309
62	310
63	64
64	65
65	66
66	67
67	68
68	69
69	70
70	73
71	72
71	274
72	275
73	74
74	75
75	76
76	77
77	78
78	79
79	80
80	83
81	82
81	247
82	248
83	84
84	85
85	86
87	88
88	89
89	90
90	91
91	92
92	93
93	94
94	95
95	98
96	97
96	365
97	366
98	99
99	100
100	101
101	102
102	103
103	104
104	105
105	108
106	107
106	338
107	339
108	109
109	110
110	111
111	112
112	113
113	114
114	115
115	118
116	117
116	303
117	304
118	119
119	120
120	121
121	122
122	123
123	124
124	125
125	128
126	127
126	268
127	269
128	129
129	130
130	131
131	132
132	133
133	134
134	135
135	138
136	137
136	241
137	242
138	139
139	140
140	141
141	142
142	143
143	144
145	146
146	147
147	148
148	149
149	150
150	153
151	152
151	359
152	360
153	154
154	155
155	156
156	157
157	158
158	159
159	160
160	163
161	162
161	332
162	333
163	164
164	165
165	166
166	167
167	168
168	169
169	170
170	173
171	172
171	297
172	298
173	174
174	175
175	176
176	177
177	178
178	179
179	180
180	183
181	182
181	262
182	263
183	184
184	185
185	186
186	187
187	188
188	189
189	190
190	193
191	192
191	235
192	236
193	194
194	195
195	196
197	198
198	199
199	200
200	201
201	202
202	203
203	206
204	205
204	326
205	327
206	207
207	208
208	209
209	210
210	211
211	212
212	213
213	216
214	215
214	291
215	292
216	217
217	218
218	219
219	220
220	221
221	222
222	223
223	226
224	225
224	256
225	257
226	227
227	228
228	229
229	230
231	232
232	233
233	234
234	235
236	237
237	238
238	239
239	240
240	241
242	243
243	244
244	245
245	246
246	247
248	249
249	250
250	251
251	252
253	254
254	255
255	256
257	258
258	259
259	260
260	261
261	262
263	264
264	265
265	266
266	267
267	268
269	270
270	271
271	272
272	273
273	274
275	276
276	277
277	278
278	279
279	280
281	282
282	283
283	284
285	286
286	287
287	288
288	289
289	290
290	291
292	293
293	294
294	295
295	296
296	297
298	299
299	300
300	301
301	302
302	303
304	305
305	306
306	307
307	308
308	309
310	311
311	312
312	313
313	314
314	315
316	317
317	318
318	319
319	320
320	321
321	322
323	324
324	325
325	326
327	328
328	329
329	330
330	331
331	332
333	334
334	335
335	336
336	337
337	338
339	340
340	341
341	342
342	343
343	344
345	346
346	347
347	348
348	349
349	350
351	352
352	353
353	354
355	356
356	357
357	358
358	359
360	361
361	362
362	363
363	364
364	365
366	367
367	368
368	369
369	370
370	371
372	373
373	374
374	375
375	376