1	2	26
2	3	27
2	26	27
3	4	28
3	27	28
4	5	29
4	28	29
5	6	30
5	29	30
6	7	31
6	30	31
7	8	32
7	31	32
8	9	33
8	32	33
9	10	34
9	33	34
10	11	35
10	34	35
11	12	36
11	35	36
12	13	37
12	36	37
13	14	38
13	37	38
14	15	39
14	38	39
15	16	40
15	39	40
16	17	41
16	40	41
17	18	42
17	41	42
18	19	43
18	42	43
19	20	44
19	43	44
20	21	45
20	44	45
21	22	46
21	45	46
22	23	47
22	46	47
23	24	48
23	47	48
24	25	49
24	48	49
26	27	51
26	50	51
27	28	52
27	51	52
28	29	53
28	52	53
29	30	54
29	53	54
30	31	55
30	54	55
31	32	56
31	55	56
32	33	57
32	56	57
33	34	58
33	57	58
34	35	59
34	58	59
35	36	60
35	59	60
36	37	61
36	60	61
37	38	62
37	61	62
38	39	63
38	62	63
39	40	64
39	63	64
40	41	65
40	64	65
41	42	66
41	65	66
42	43	67
42	66	67
43	44	68
43	67	68
44	45	69
44	68	69
45	46	70
45	69	70
46	47	71
46	70	71
47	48	72
47	71	72
48	49	73
48	72	73
49	73	74
50	51	75
51	52	76
51	75	76
52	53	77
52	76	77
53	54	78
53	77	78
54	55	79
54	78	79
55	56	80
55	79	80
56	57	81
56	80	81
57	58	82
57	81	82
58	59	83
58	82	83
59	60	84
59	83	84
60	61	85
60	84	85
61	62	86
61	85	86
62	63	87
62	86	87
63	64	88
63	87	88
64	65	89
64	88	89
65	66	90
65	89	90
66	67	91
66	90	91
67	68	92
67	91	92
68	69	93
68	92	93
69	70	94
69	93	94
70	71	95
70	94	95
71	72	96
71	95	96
72	73	97
72	96	97
73	74	98
73	97	98
75	76	100
75	99	100
76	77	101
76	100	101
77	78	102
77	101	102
78	79	103
78	102	103
79	80	104
79	103	104
80	81	105
80	104	105
81	82	106
81	105	106
82	83	107
82	106	107
83	84	108
83	107	108
84	85	109
84	108	109
85	86	110
85	109	110
86	87	111
86	110	111
87	88	112
87	111	112
88	89	113
88	112	113
89	90	114
89	113	114
90	91	115
90	114	115
91	92	116
91	115	116
92	93	117
92	116	117
93	94	118
93	117	118
94	95	119
94	118	119
95	96	120
95	119	120
96	97	121
96	120	121
97	98	122
97	121	122
98	122	123
99	100	124
100	101	125
100	124	125
101	102	126
101	125	126
102	103	127
102	126	127
103	104	128
103	127	128
104	105	129
104	128	129
105	106	130
105	129	130
106	107	131
106	130	131
107	108	132
107	131	132
108	109	133
108	132	133
109	110	134
109	133	134
110	111	135
110	134	135
111	112	136
111	135	136
112	113	137
112	136	137
113	114	138
113	137	138
114	115	139
114	138	139
115	116	140
115	139	140
116	117	141
116	140	141
117	118	142
117	141	142
118	119	143
118	142	143
119	120	144
119	143	144
120	121	145
120	144	145
121	122	146
121	145	146
122	123	147
122	146	147
124	125	149
124	148	149
125	126	150
125	149	150
126	127	151
126	150	151
127	128	152
127	151	152
128	129	153
128	152	153
129	130	154
129	153	154
130	131	155
130	154	155
131	132	156
131	155	156
132	133	157
132	156	157
133	134	158
133	157	158
134	135	159
134	158	159
135	136	160
135	159	160
136	137	161
136	160	161
137	138	162
137	161	162
138	139	163
138	162	163
139	140	164
139	163	164
140	141	165
140	164	165
141	142	166
141	165	166
142	143	167
142	166	167
143	144	168
143	167	168
144	145	169
144	168	169
145	146	170
145	169	170
146	147	171
146	170	171
147	171	172
148	149	173
149	150	174
149	173	174
150	151	175
150	174	175
151	152	176
151	175	176
152	153	177
152	176	177
153	154	178
153	177	178
154	155	179
154	178	179
155	156	180
155	179	180
156	157	181
156	180	181
157	158	182
157	181	182
158	159	183
158	182	183
159	160	184
159	183	184
160	161	185
160	184	185
161	162	186
161	185	186
162	163	187
162	186	187
163	164	188
163	187	188
164	165	189
164	188	189
165	166	190
165	189	190
166	167	191
166	190	191
167	168	192
167	191	192
168	169	193
168	192	193
169	170	194
169	193	194
170	171	195
170	194	195
171	172	196
171	195	196
173	174	198
173	197	198
174	175	199
174	198	199
175	176	200
175	199	200
176	177	201
176	200	201
177	178	202
177	201	202
178	179	203
178	202	203
179	180	204
179	203	204
180	181	205
180	204	205
181	182	206
181	205	206
182	183	207
182	206	207
183	184	208
183	207	208
184	185	209
184	208	209
185	186	210
185	209	210
186	187	211
186	210	211
187	188	212
187	211	212
188	189	213
188	212	213
189	190	214
189	213	214
190	191	215
190	214	215
191	192	216
191	215	216
192	193	217
192	216	217
193	194	218
193	217	218
194	195	219
194	218	219
195	196	220
195	219	220
196	220	221
197	198	222
198	199	223
198	222	223
199	200	224
199	223	224
200	201	225
200	224	225
201	202	226
201	225	226
202	203	227
202	226	227
203	204	228
203	227	228
204	205	229
204	228	229
205	206	230
205	229	230
206	207	231
206	230	231
207	208	232
207	231	232
208	209	233
208	232	233
209	210	234
209	233	234
210	211	235
210	234	235
211	212	236
211	235	236
212	213	237
212	236	237
213	214	238
213	237	238
214	215	239
214	238	239
215	216	240
215	239	240
216	217	241
216	240	241
217	218	242
217	241	242
218	219	243
218	242	243
219	220	244
219	243	244
220	221	245
220	244	245
222	223	247
222	246	247
223	224	248
223	247	248
224	225	249
224	248	249
225	226	250
225	249	250
226	227	251
226	250	251
227	228	252
227	251	252
228	229	253
228	252	253
229	230	254
229	253	254
230	231	255
230	254	255
231	232	256
231	255	256
232	233	257
232	256	257
233	234	258
233	257	258
234	235	259
234	258	259
235	236	260
235	259	260
236	237	261
236	260	261
237	238	262
237	261	262
238	239	263
238	262	263
239	240	264
239	263	264
240	241	265
240	264	265
241	242	266
241	265	266
242	243	267
242	266	267
243	244	268
243	267	268
244	245	269
244	268	269
245	269	270
246	247	271
247	248	272
247	271	272
248	249	273
248	272	273
249	250	274
249	273	274
250	251	275
250	274	275
251	252	276
251	275	276
252	253	277
252	276	277
253	254	278
253	277	278
254	255	279
254	278	279
255	256	280
255	279	280
256	257	281
256	280	281
257	258	282
257	281	282
258	259	283
258	282	283
259	260	284
259	283	284
260	261	285
260	284	285
261	262	286
261	285	286
262	263	287
262	286	287
263	264	288
263	287	288
264	265	289
264	288	289
265	266	290
265	289	290
266	267	291
266	290	291
267	268	292
267	291	292
268	269	293
268	292	293
269	270	294
269	293	294
271	272	296
271	295	296
272	273	297
272	296	297
273	274	298
273	297	298
274	275	299
274	298	299
275	276	300
275	299	300
276	277	301
276	300	301
277	278	302
277	301	302
278	279	303
278	302	303
279	280	304
279	303	304
280	281	305
280	304	305
281	282	306
281	305	306
282	283	307
282	306	307
283	284	308
283	307	308
284	285	309
284	308	309
285	286	310
285	309	310
286	287	311
286	310	311
287	288	312
287	311	312
288	289	313
288	312	313
289	290	314
289	313	314
290	291	315
290	314	315
291	292	316
291	315	316
292	293	317
292	316	317
293	294	318
293	317	318
294	318	319
295	296	320
296	297	321
296	320	321
297	298	322
297	321	322
298	299	323
298	322	323
299	300	324
299	323	324
300	301	325
300	324	325
301	302	326
301	325	326
302	303	327
302	326	327
303	304	328
303	327	328
304	305	329
304	328	329
305	306	330
305	329	330
306	307	331
306	330	331
307	308	332
307	331	332
308	309	333
308	332	333
309	310	334
309	333	334
310	311	335
310	334	335
311	312	336
311	335	336
312	313	337
312	336	337
313	314	338
313	337	338
314	315	339
314	338	339
315	316	340
315	339	340
316	317	341
316	340	341
317	318	342
317	341	342
318	319	343
318	342	343
320	321	345
320	344	345
321	322	346
321	345	346
322	323	347
322	346	347
323	324	348
323	347	348
324	325	349
324	348	349
325	326	350
325	349	350
326	327	351
326	350	351
327	328	352
327	351	352
328	329	353
328	352	353
329	330	354
329	353	354
330	331	355
330	354	355
331	332	356
331	355	356
332	333	357
332	356	357
333	334	358
333	357	358
334	335	359
334	358	359
335	336	360
335	359	360
336	337	361
336	360	361
337	338	362
337	361	362
338	339	363
338	362	363
339	340	364
339	363	364
340	341	365
340	364	365
341	342	366
341	365	366
342	343	367
342	366	367
343	367	368
344	345	369
345	346	370
345	369	370
346	347	371
346	370	371
347	348	372
347	371	372
348	349	373
348	372	373
349	350	374
349	373	374
350	351	375
350	374	375
351	352	376
351	375	376
352	353	377
352	376	377
353	354	378
353	377	378
354	355	379
354	378	379
355	356	380
355	379	380
356	357	381
356	380	381
357	358	382
357	381	382
358	359	383
358	382	383
359	360	384
359	383	384
360	361	385
360	384	385
361	362	386
361	385	386
362	363	387
362	386	387
363	364	388
363	387	388
364	365	389
364	388	389
365	366	390
365	389	390
366	367	391
366	390	391
367	368	392
367	391	392
369	370	394
369	393	394
370	371	395
370	394	395
371	372	396
371	395	396
372	373	397
372	396	397
373	374	398
373	397	398
374	375	399
374	398	399
375	376	400
375	399	400
376	377	401
376	400	401
377	378	402
377	401	402
378	379	403
378	402	403
379	380	404
379	403	404
380	381	405
380	404	405
381	382	406
381	405	406
382	383	407
382	406	407
383	384	408
383	407	408
384	385	409
384	408	409
385	386	410
385	409	410
386	387	411
386	410	411
387	388	412
387	411	412
388	389	413
388	412	413
389	390	414
389	413	414
390	391	415
390	414	415
391	392	416
391	415	416
392	416	417
393	394	418
394	395	419
394	418	419
395	396	420
395	419	420
396	397	421
396	420	421
397	398	422
397	421	422
398	399	423
398	422	423
399	400	424
399	423	424
400	401	425
400	424	425
401	402	426
401	425	426
402	403	427
402	426	427
403	404	428
403	427	428
404	405	429
404	428	429
405	406	430
405	429	430
406	407	431
406	430	431
407	408	432
407	431	432
408	409	433
408	432	433
409	410	434
409	433	434
410	411	435
410	434	435
411	412	436
411	435	436
412	413	437
412	436	437
413	414	438
413	437	438
414	415	439
414	438	439
415	416	440
415	439	440
416	417	441
416	440	441
418	419	443
418	442	443
419	420	444
419	443	444
420	421	445
420	444	445
421	422	446
421	445	446
422	423	447
422	446	447
423	424	448
423	447	448
424	425	449
424	448	449
425	426	450
425	449	450
426	427	451
426	450	451
427	428	452
427	451	452
428	429	453
428	452	453
429	430	454
429	453	454
430	431	455
430	454	455
431	432	456
431	455	456
432	433	457
432	456	457
433	434	458
433	457	458
434	435	459
434	458	459
435	436	460
435	459	460
436	437	461
436	460	461
437	438	462
437	461	462
438	439	463
438	462	463
439	440	464
439	463	464
440	441	465
440	464	465
441	465	466
442	443	467
443	444	468
443	467	468
444	445	469
444	468	469
445	446	470
445	469	470
446	447	471
446	470	471
447	448	472
447	471	472
448	449	473
448	472	473
449	450	474
449	473	474
450	451	475
450	474	475
451	452	476
451	475	476
452	453	477
452	476	477
453	454	478
453	477	478
454	455	479
454	478	479
455	456	480
455	479	480
456	457	481
456	480	481
457	458	482
457	481	482
458	459	483
458	482	483
459	460	484
459	483	484
460	461	485
460	484	485
461	462	486
461	485	486
462	463	487
462	486	487
463	464	488
463	487	488
464	465	489
464	488	489
465	466	490
465	489	490
467	468	492
467	491	492
468	469	493
468	492	493
469	470	494
469	493	494
470	471	495
470	494	495
471	472	496
471	495	496
472	473	497
472	496	497
473	474	498
473	497	498
474	475	499
474	498	499
475	476	500
475	499	500
476	477	501
476	500	501
477	478	502
477	501	502
478	479	503
478	502	503
479	480	504
479	503	504
480	481	505
480	504	505
481	482	506
481	505	506
482	483	507
482	506	507
483	484	508
483	507	508
484	485	509
484	508	509
485	486	510
485	509	510
486	487	511
486	510	511
487	488	512
487	511	512
488	489	513
488	512	513
489	490	514
489	513	514
490	514	515
491	492	516
492	493	517
492	516	517
493	494	518
493	517	518
494	495	519
494	518	519
495	496	520
495	519	520
496	497	521
496	520	521
497	498	522
497	521	522
498	499	523
498	522	523
499	500	524
499	523	524
500	501	525
500	524	525
501	502	526
501	525	526
502	503	527
502	526	527
503	504	528
503	527	528
504	505	529
504	528	529
505	506	530
505	529	530
506	507	531
506	530	531
507	508	532
507	531	532
508	509	533
508	532	533
509	510	534
509	533	534
510	511	535
510	534	535
511	512	536
511	535	536
512	513	537
512	536	537
513	514	538
513	537	538
514	515	539
514	538	539
516	517	541
516	540	541
517	518	542
517	541	542
518	519	543
518	542	543
519	520	544
519	543	544
520	521	545
520	544	545
521	522	546
521	545	546
522	523	547
522	546	547
523	524	548
523	547	548
524	525	549
524	548	549
525	526	550
525	549	550
526	527	551
526	550	551
527	528	552
527	551	552
528	529	553
528	552	553
529	530	554
529	553	554
530	531	555
530	554	555
531	532	556
531	555	556
532	533	557
532	556	557
533	534	558
533	557	558
534	535	559
534	558	559
535	536	560
535	559	560
536	537	561
536	560	561
537	538	562
537	561	562
538	539	563
538	562	563
539	563	564
540	541	565
541	542	566
541	565	566
542	543	567
542	566	567
543	544	568
543	567	568
544	545	569
544	568	569
545	546	570
545	569	570
546	547	571
546	570	571
547	548	572
547	571	572
548	549	573
548	572	573
549	550	574
549	573	574
550	551	575
550	574	575
551	552	576
551	575	576
552	553	577
552	576	577
553	554	578
553	577	578
554	555	579
554	578	579
555	556	580
555	579	580
556	557	581
556	580	581
557	558	582
557	581	582
558	559	583
558	582	583
559	560	584
559	583	584
560	561	585
560	584	585
561	562	586
561	585	586
562	563	587
562	586	587
563	564	588
563	587	588
565	566	590
565	589	590
566	567	591
566	590	591
567	568	592
567	591	592
568	569	593
568	592	593
569	570	594
569	593	594
570	571	595
570	594	595
571	572	596
571	595	596
572	573	597
572	596	597
573	574	598
573	597	598
574	575	599
574	598	599
575	576	600
575	599	600
576	577	601
576	600	601
577	578	602
577	601	602
578	579	603
578	602	603
579	580	604
579	603	604
580	581	605
580	604	605
581	582	606
581	605	606
582	583	607
582	606	607
583	584	608
583	607	608
584	585	609
584	608	609
585	586	610
585	609	610
586	587	611
586	610	611
587	588	612
587	611	612
588	612	613
589	590	614
590	591	615
590	614	615
591	592	616
591	615	616
592	593	617
592	616	617
593	594	618
593	617	618
594	595	619
594	618	619
595	596	620
595	619	620
596	597	621
596	620	621
597	598	622
597	621	622
598	599	623
598	622	623
599	600	624
599	623	624
600	601	625
600	624	625
601	602	626
601	625	626
602	603	627
602	626	627
603	604	628
603	627	628
604	605	629
604	628	629
605	606	630
605	629	630
606	607	631
606	630	631
607	608	632
607	631	632
608	609	633
608	632	633
609	610	634
609	633	634
610	611	635
610	634	635
611	612	636
611	635	636
612	613	637
612	636	637
614	615	639
614	638	639
615	616	640
615	639	640
616	617	641
616	640	641
617	618	642
617	641	642
618	619	643
618	642	643
619	620	644
619	643	644
620	621	645
620	644	645
621	622	646
621	645	646
622	623	647
622	646	647
623	624	648
623	647	648
624	625	649
624	648	649
625	626	650
625	649	650
626	627	651
626	650	651
627	628	652
627	651	652
628	629	653
628	652	653
629	630	654
629	653	654
630	631	655
630	654	655
631	632	656
631	655	656
632	633	657
632	656	657
633	634	658
633	657	658
634	635	659
634	658	659
635	636	660
635	659	660
636	637	661
636	660	661
637	661	662
638	639	663
639	640	664
639	663	664
640	641	665
640	664	665
641	642	666
641	665	666
642	643	667
642	666	667
643	644	668
643	667	668
644	645	669
644	668	669
645	646	670
645	669	670
646	647	671
646	670	671
647	648	672
647	671	672
648	649	673
648	672	673
649	650	674
649	673	674
650	651	675
650	674	675
651	652	676
651	675	676
652	653	677
652	676	677
653	654	678
653	677	678
654	655	679
654	678	679
655	656	680
655	679	680
656	657	681
656	680	681
657	658	682
657	681	682
658	659	683
658	682	683
659	660	684
659	683	684
660	661	685
660	684	685
661	662	686
661	685	686
663	664	688
663	687	688
664	665	689
664	688	689
665	666	690
665	689	690
666	667	691
666	690	691
667	668	692
667	691	692
668	669	693
668	692	693
669	670	694
669	693	694
670	671	695
670	694	695
671	672	696
671	695	696
672	673	697
672	696	697
673	674	698
673	697	698
674	675	699
674	698	699
675	676	700
675	699	700
676	677	701
676	700	701
677	678	702
677	701	702
678	679	703
678	702	703
679	680	704
679	703	704
680	681	705
680	704	705
681	682	706
681	705	706
682	683	707
682	706	707
683	684	708
683	707	708
684	685	709
684	708	709
685	686	710
685	709	710
686	710	711
687	688	712
688	689	713
688	712	713
689	690	714
689	713	714
690	691	715
690	714	715
691	692	716
691	715	716
692	693	717
692	716	717
693	694	718
693	717	718
694	695	719
694	718	719
695	696	720
695	719	720
696	697	721
696	720	721
697	698	722
697	721	722
698	699	723
698	722	723
699	700	724
699	723	724
700	701	725
700	724	725
701	702	726
701	725	726
702	703	727
702	726	727
703	704	728
703	727	728
704	705	729
704	728	729
705	706	730
705	729	730
706	707	731
706	730	731
707	708	732
707	731	732
708	709	733
708	732	733
709	710	734
709	733	734
710	711	735
710	734	735
712	713	737
712	736	737
713	714	738
713	737	738
714	715	739
714	738	739
715	716	740
715	739	740
716	717	741
716	740	741
717	718	742
717	741	742
718	719	743
718	742	743
719	720	744
719	743	744
720	721	745
720	744	745
721	722	746
721	745	746
722	723	747
722	746	747
723	724	748
723	747	748
724	725	749
724	748	749
725	726	750
725	749	750
726	727	751
726	750	751
727	728	752
727	751	752
728	729	753
728	752	753
729	730	754
729	753	754
730	731	755
730	754	755
731	732	756
731	755	756
732	733	757
732	756	757
733	734	758
733	757	758
734	735	759
734	758	759
735	759	760